      1,  0.108530335,  0.108530335
      2,           0.,  0.153485075
      3,           0.,  0.100000001
      4, 0.0707106814, 0.0707106814
      5,  0.545503378,  0.644685805
      6,    0.5971573,    0.5971573
      7,  0.883883476,  0.883883476
      8,  0.807427824,  0.954232872
      9,           0.,  0.844507933
     10, 0.0902162567,  0.124172024
     11, 0.0696807653,  0.136756197
     12, 0.0474294946,  0.145972967
     13, 0.0240103547,  0.151595414
     14,           0.,  0.135656714
     15,           0.,  0.117828354
     16, 0.0156434458, 0.0987688377
     17, 0.0309017003,  0.095105648
     18, 0.0453990512, 0.0891006514
     19, 0.0587785244, 0.0809016973
     20, 0.0833172277, 0.0833172277
     21, 0.0959237814, 0.0959237814
     22,  0.556147456,  0.635526299
     23,  0.566637754,  0.626191139
     24,  0.576971412,  0.616682768
     25,  0.587145507,  0.607003927
     26,  0.611493587,  0.611493587
     27,  0.625829935,  0.625829935
     28,  0.640166223,  0.640166223
     29,  0.654502511,  0.654502511
     30,  0.668838859,  0.668838859
     31,  0.683175147,  0.683175147
     32,  0.697511435,  0.697511435
     33,  0.711847782,  0.711847782
     34,   0.72618407,   0.72618407
     35,  0.740520358,  0.740520358
     36,  0.754856706,  0.754856706
     37,  0.769192994,  0.769192994
     38,  0.783529282,  0.783529282
     39,  0.797865629,  0.797865629
     40,  0.812201917,  0.812201917
     41,  0.826538265,  0.826538265
     42,  0.840874553,  0.840874553
     43,  0.855210841,  0.855210841
     44,  0.869547188,  0.869547188
     45,   0.86906451,  0.898458064
     46,  0.854005277,  0.912784159
     47,   0.83870995,  0.926857948
     48,  0.823182642,  0.940675437
     49,  0.794331551,  0.938755512
     50,  0.781235337,  0.923278153
     51,  0.768139124,  0.907800794
     52,  0.755042911,  0.892323434
     53,  0.741946697,  0.876846075
     54,  0.728850484,  0.861368716
     55,  0.715754271,  0.845891356
     56,  0.702657998,  0.830413997
     57,  0.689561784,  0.814936697
     58,  0.676465571,  0.799459338
     59,  0.663369358,  0.783981979
     60,  0.650273144,   0.76850462
     61,  0.637176931,   0.75302726
     62,  0.624080658,  0.737549901
     63,  0.610984445,  0.722072542
     64,  0.597888231,  0.706595182
     65,  0.584792018,  0.691117823
     66,  0.571695805,  0.675640464
     67,  0.558599591,  0.660163105
     68,   0.53026408,  0.657277465
     69,  0.514734328,  0.669508934
     70,  0.498922497,  0.681373596
     71,   0.48283726,  0.692864954
     72,  0.466487497,  0.703976631
     73,   0.44988212,  0.714702547
     74,  0.433030248,   0.72503686
     75,  0.415941089,  0.734973907
     76,  0.398624003,  0.744508266
     77,  0.381088525,  0.753634632
     78,  0.363344222,  0.762348115
     79,   0.34540084,   0.77064383
     80,  0.327268183,  0.778517306
     81,  0.308956206,  0.785964191
     82,  0.290474951,  0.792980433
     83,  0.271834522,  0.799562156
     84,  0.253045171,  0.805705786
     85,   0.23411715,  0.811407924
     86,  0.215060845,  0.816665471
     87,  0.195886716,  0.821475506
     88,   0.17660524,  0.825835466
     89,  0.157226995,  0.829742908
     90,  0.137762606,  0.833195746
     91,  0.118222728,  0.836192012
     92, 0.0986180678,  0.838730097
     93, 0.0789593756,   0.84080857
     94, 0.0592574216,   0.84242636
     95, 0.0395229943,  0.843582571
     96, 0.0197669137,  0.844276547
     97,           0.,  0.824764431
     98,           0.,  0.805020928
     99,           0.,  0.785277426
    100,           0.,  0.765533864
    101,           0.,  0.745790362
    102,           0.,   0.72604686
    103,           0.,  0.706303358
    104,           0.,  0.686559856
    105,           0.,  0.666816354
    106,           0.,  0.647072852
    107,           0.,   0.62732929
    108,           0.,  0.607585788
    109,           0.,  0.587842286
    110,           0.,  0.568098783
    111,           0.,  0.548355281
    112,           0.,  0.528611779
    113,           0.,  0.508868277
    114,           0.,  0.489124745
    115,           0.,  0.469381243
    116,           0.,  0.449637711
    117,           0.,  0.429894209
    118,           0.,  0.410150707
    119,           0.,  0.390407205
    120,           0.,  0.370663673
    121,           0.,  0.350920171
    122,           0.,  0.331176668
    123,           0.,  0.311433166
    124,           0.,  0.291689634
    125,           0.,  0.271946132
    126,           0.,   0.25220263
    127,           0.,  0.232459113
    128,           0.,  0.212715596
    129,           0.,  0.192972094
    130,           0.,  0.173228577
    131,  0.122491099,  0.122491099
    132,   0.13645187,   0.13645187
    133,  0.150412649,  0.150412649
    134,  0.164373413,  0.164373413
    135,  0.178334177,  0.178334177
    136,  0.192294955,  0.192294955
    137,  0.206255719,  0.206255719
    138,  0.220216498,  0.220216498
    139,  0.234177262,  0.234177262
    140,   0.24813804,   0.24813804
    141,  0.262098789,  0.262098789
    142,  0.276059568,  0.276059568
    143,  0.290020347,  0.290020347
    144,  0.303981125,  0.303981125
    145,  0.317941874,  0.317941874
    146,  0.331902653,  0.331902653
    147,  0.345863432,  0.345863432
    148,  0.359824181,  0.359824181
    149,  0.373784959,  0.373784959
    150,  0.387745738,  0.387745738
    151,  0.401706517,  0.401706517
    152,  0.415667266,  0.415667266
    153,  0.429628044,  0.429628044
    154,  0.443588823,  0.443588823
    155,  0.457549572,  0.457549572
    156,  0.471510351,  0.471510351
    157,  0.485471129,  0.485471129
    158,  0.499431908,  0.499431908
    159,  0.513392687,  0.513392687
    160,  0.527353466,  0.527353466
    161,  0.541314185,  0.541314185
    162,  0.555274963,  0.555274963
    163,  0.569235742,  0.569235742
    164,  0.583196521,  0.583196521
    165, 0.0797370151,  0.109748587
    166, 0.0615868568,  0.120871015
    167, 0.0419202298,  0.129017204
    168, 0.0212213844,  0.133986548
    169, 0.0692577735, 0.0953251421
    170, 0.0534929559,  0.104985833
    171,  0.036410965,  0.112061426
    172,  0.018432416,  0.116377696
    173,  0.569499195,  0.650783777
    174,  0.580241382,  0.641224444
    175,  0.590823114,  0.631487846
    176,  0.601241469,  0.621576667
    177,  0.582850933,  0.666041195
    178,   0.59384495,  0.656257808
    179,  0.604674757,  0.646292925
    180,  0.615337431,  0.636149347
    181,  0.596202731,  0.681298673
    182,  0.607448578,  0.671291113
    183,  0.618526459,  0.661098003
    184,  0.629433393,  0.650722086
    185,   0.60955447,  0.696556151
    186,  0.621052206,  0.686324477
    187,  0.632378161,  0.675903082
    188,  0.643529296,  0.665294766
    189,  0.622906268,  0.711813569
    190,  0.634655774,  0.701357841
    191,  0.646229863,   0.69070816
    192,  0.657625258,  0.679867446
    193,  0.636258006,  0.727071047
    194,  0.648259401,  0.716391146
    195,  0.660081565,  0.705513179
    196,   0.67172122,  0.694440186
    197,  0.649609745,  0.742328525
    198,  0.661863029,   0.73142451
    199,  0.673933268,  0.720318258
    200,  0.685817182,  0.709012866
    201,  0.662961543,  0.757585943
    202,  0.675466597,  0.746457875
    203,   0.68778497,  0.735123336
    204,  0.699913144,  0.723585606
    205,  0.676313281,  0.772843421
    206,  0.689070225,  0.761491179
    207,  0.701636672,  0.749928415
    208,  0.714009047,  0.738158286
    209,  0.689665079,  0.788100898
    210,  0.702673852,  0.776524544
    211,  0.715488315,  0.764733493
    212,  0.728105009,  0.752731025
    213,  0.703016818,  0.803358316
    214,  0.716277421,  0.791557848
    215,  0.729340017,  0.779538572
    216,  0.742200971,  0.767303705
    217,  0.716368556,  0.818615794
    218,  0.729881048,  0.806591213
    219,  0.743191719,   0.79434365
    220,  0.756296933,  0.781876385
    221,  0.729720354,  0.833873272
    222,  0.743484676,  0.821624577
    223,  0.757043421,  0.809148669
    224,  0.770392895,  0.796449125
    225,  0.743072093,   0.84913069
    226,  0.757088244,  0.836657882
    227,  0.770895123,  0.823953748
    228,  0.784488797,  0.811021805
    229,  0.756423831,  0.864388168
    230,  0.770691872,  0.851691246
    231,  0.784746826,  0.838758826
    232,  0.798584759,  0.825594544
    233,  0.769775629,  0.879645646
    234,  0.784295499,   0.86672461
    235,  0.798598528,  0.853563905
    236,  0.812680721,  0.840167224
    237,  0.783127367,  0.894903064
    238,  0.797899127,  0.881757915
    239,   0.81245023,  0.868368983
    240,  0.826776683,  0.854739904
    241,  0.796479166,  0.910160542
    242,  0.811502695,  0.896791279
    243,  0.826301873,  0.883174062
    244,  0.840872645,  0.869312644
    245,  0.809830904,  0.925418019
    246,  0.825106323,  0.911824584
    247,  0.840153575,   0.89797914
    248,  0.854968548,  0.883885324
    249,  0.563438833,  0.610265851
    250,   0.55255729,  0.620773375
    251,  0.312831879,  0.337012649
    252,  0.284910351,  0.309091091
    253,  0.340753406,  0.364934206
    254,  0.215106502,  0.239287302
    255,  0.270949572,  0.295130342
    256,  0.144963428,  0.169613555
    257, 0.0170985907,  0.538483441
    258, 0.0170983747,  0.341048419
    259, 0.0170989502,  0.301561594
    260, 0.0170983728,  0.380535424
    261, 0.0170983747,  0.459509492
    262, 0.0170992576,  0.597714126
    263,  0.017098831,  0.558226943
    264, 0.0170984678,  0.518739998
    265, 0.0170983747,   0.43976596
    266, 0.0171357486,  0.262087792
    267, 0.0175617971,  0.222585723
    268, 0.0184557177,  0.202295974
    269, 0.0203746725,  0.180401593
    270,  0.201145649,  0.225326851
    271,  0.229067266,  0.253248036
    272,  0.130115971,  0.155684963
    273,  0.243028045,  0.267208785
    274,  0.187184021,  0.211370498
    275,  0.173216537,  0.197431073
    276,   0.15917398,  0.183521882
    277,  0.354714125,  0.378894985
    278,  0.368674785,  0.392855823
    279,  0.382635385,  0.406816751
    280,  0.396595985,  0.420777708
    281,  0.410556644,  0.434738666
    282,  0.424517214,  0.448699564
    283,  0.452438504,  0.476621062
    284,  0.466401279,  0.490580291
    285,  0.494376302,  0.518468738
    286, 0.0170984082,  0.498996496
    287,  0.017098384,  0.479252994
    288, 0.0170983728,  0.420022458
    289, 0.0170983728,  0.400278956
    290, 0.0170983747,  0.360791922
    291, 0.0170984752,  0.321304947
    292, 0.0171091482,   0.28182283
    293, 0.0172577575,  0.242364213
    294,  0.256988823,  0.281169564
    295,  0.326792657,  0.350973427
    296,   0.29887113,   0.32305187
    297,  0.480376065,   0.50453186
    298,  0.508448601,  0.532321751
    299, 0.0170995127,  0.617457688
    300, 0.0170990918,  0.577970505
    301,  0.536182582,  0.559627533
    302,   0.31154865,  0.766101539
    303,  0.415727377,  0.714943647
    304,  0.496842384,  0.661723733
    305,  0.364536166,  0.742351651
    306,  0.182401508,  0.806655586
    307,  0.398869544,  0.724461257
    308,   0.21995391,  0.797237694
    309,  0.464909256,  0.684023559
    310,  0.293524444,  0.773165226
    311,   0.25702396,  0.786070645
    312, 0.0869608447,  0.822383404
    313, 0.0263731945,  0.825805068
    314,  0.106185645,  0.820153356
    315, 0.0475269035,  0.824877918
    316,  0.144449234,  0.814301848
    317,  0.512598693,  0.650434017
    318, 0.0675807521,   0.82400471
    319,  0.448731422,  0.694694757
    320,  0.238548294,  0.791850805
    321,  0.125348598,  0.817444026
    322,  0.163465157,  0.810676694
    323,  0.347052336,   0.75066334
    324,  0.480938613,  0.672989905
    325,  0.201228827,  0.802150786
    326,  0.381799221,  0.733591199
    327,  0.275342613,  0.779811084
    328,  0.432335675,  0.704995394
    329,  0.329383612,  0.758573413
    330,  0.527888775,  0.639583051
    331,  0.547849417,  0.605775476
    332,  0.541401267,  0.630083084
    333,  0.574440479,  0.601564109
    334,  0.479132205,  0.653465986
    335,  0.365378082,  0.722565651
    336,  0.313777119,  0.746424556
    337,  0.415179282,  0.695146918
    338,  0.447311789,  0.674964428
    339,  0.398783624,  0.704655826
    340,  0.206194103,  0.783000052
    341,  0.113352358,  0.801710069
    342,  0.242612779,  0.772490621
    343,  0.187805846,  0.787595034
    344,  0.260620743,  0.766579449
    345,  0.132079363,  0.798820972
    346,  0.056720797,  0.807247221
    347,  0.169317394,  0.791764259
    348, 0.0757114068,  0.806016862
    349,  0.296215147,  0.753552794
    350,  0.348356903,  0.730902314
    351, 0.0945711285,  0.804079711
    352,  0.278485984,  0.760252059
    353,  0.150734663,  0.795486927
    354,  0.495184749,  0.642644882
    355,  0.463222116,  0.664320588
    356,  0.331143558,   0.73883307
    357,  0.224454269,  0.777921915
    358,  0.382169873,  0.713776112
    359,  0.431327552,  0.685208976
    360,   0.51125747,  0.632367849
    361,  0.438477755,  0.462660372
    362,  0.522457838,  0.545990407
    363,  0.548968196,   0.57370162
    364,  0.349603802,  0.397965878
    365,  0.405445427,  0.453810453
    366,  0.447331369,  0.495691776
    367,  0.475329101,  0.523602068
    368,  0.182075471,  0.230445206
    369,  0.223957285,   0.27231878
    370,  0.561136484,  0.590608954
    371,  0.265839607,  0.314201087
    372,  0.154125154,  0.202613235
    373, 0.0341971628,    0.5286116
    374, 0.0341967493,  0.370663673
    375, 0.0170997288,   0.63720119
    376,  0.017066244,  0.794535697
    377, 0.0171028655,   0.65694654
    378, 0.0341987498,  0.587842226
    379, 0.0341967493,  0.449637711
    380, 0.0341975503,  0.311433613
    381, 0.0341993459,  0.607585847
    382, 0.0341976471,  0.548354983
    383, 0.0342052653,  0.291694969
    384, 0.0341969319,  0.508868158
    385, 0.0341967642,  0.469381243
    386, 0.0341967493,  0.429894209
    387, 0.0341967456,  0.390407205
    388, 0.0347364172,  0.232649058
    389, 0.0343893804,  0.252302378
    390,  0.113378778,  0.141642332
    391,  0.125510395,  0.174941257
    392,  0.209996507,  0.258358091
    393,  0.196035802,   0.24439913
    394,  0.140007973,  0.188740328
    395,  0.307721883,  0.356083423
    396,  0.335643262,   0.38400501
    397,  0.279800355,  0.328161865
    398,  0.251878828,  0.300240338
    399,  0.321682602,  0.370044202
    400,  0.293761134,  0.342122644
    401, 0.0342565924,   0.27198413
    402,  0.035659261,  0.212708518
    403, 0.0341967642,  0.350920171
    404, 0.0341969877,  0.331176817
    405,  0.168115035,  0.216514185
    406,  0.363564163,  0.411926895
    407,  0.377524555,  0.425888091
    408,  0.237918049,  0.286279559
    409,  0.391484946,  0.439849347
    410,  0.017252123,  0.696548641
    411, 0.0171464477,   0.67672056
    412, 0.0341982692,  0.568098485
    413, 0.0341968238,  0.489124715
    414, 0.0341967493,  0.410150707
    415,  0.489445359,  0.537490547
    416,  0.461314619,  0.509646595
    417, 0.0352083407,  0.805810869
    418,  0.539545834,  0.617028058
    419,  0.526734412,  0.623194396
    420,  0.048542928,  0.792263865
    421,  0.281264067,  0.740870118
    422,  0.298520803,  0.734063625
    423,  0.263833195,   0.74721843
    424,   0.31561175,  0.726853073
    425,   0.24627015,  0.753188133
    426,  0.332539022,  0.719266713
    427,  0.228571311,  0.758740306
    428,  0.349289536,  0.711298704
    429,  0.365839064,  0.702920735
    430,  0.382187724,  0.694157243
    431,  0.210747331,  0.763876796
    432,  0.398331225,  0.685021818
    433,  0.414262444,   0.67551738
    434,  0.192812398,  0.768611073
    435,  0.430012405,  0.665642321
    436,  0.174769863,  0.772916675
    437,  0.445731342,  0.655387223
    438,   0.15662837,  0.776784658
    439,  0.461590379,  0.644826889
    440,  0.138403207,  0.780235767
    441,  0.120105192,  0.783266783
    442,  0.101763636,    0.7858482
    443, 0.0832818449,  0.787988663
    444, 0.0647014454,  0.789845109
    445,  0.477794498,  0.634273708
    446,  0.530418694,  0.576568365
    447,  0.517573476,  0.563965261
    448, 0.0342042111,  0.647075415
    449, 0.0168716926,  0.775103211
    450,  0.260729611,  0.333271861
    451,  0.330532759,  0.403075874
    452,  0.190923899,  0.263469577
    453,  0.316572338,  0.389115006
    454, 0.0172910113,  0.716475904
    455, 0.0513428152,  0.281858772
    456, 0.0512951426,  0.360791951
    457, 0.0169526413,   0.73627013
    458, 0.0512951277,   0.43976596
    459, 0.0513085239,  0.301572561
    460, 0.0512957424,  0.518739641
    461, 0.0512951501,  0.459509462
    462,  0.051295124,  0.380535454
    463, 0.0512982905,   0.32130751
    464, 0.0344894789,     0.686701
    465,   0.21884729,  0.291389555
    466,  0.176958203,  0.249516979
    467,  0.134927645,  0.207647339
    468,  0.148839399,   0.22162348
    469,  0.162930697,   0.23558107
    470,  0.302611768,  0.375154197
    471,   0.27469036,   0.34723264
    472, 0.0518680513,  0.242662266
    473, 0.0515552275,  0.262222409
    474,  0.051295124,  0.400278956
    475,  0.204886198,  0.277429074
    476, 0.0512954295,  0.498996317
    477,  0.051295124,  0.420022458
    478, 0.0512952544,  0.479252905
    479,  0.246768832,  0.319311082
    480,  0.232808053,  0.305350304
    481,  0.288651079,  0.361193419
    482, 0.0166995022,   0.75574708
    483, 0.0512958206,  0.341048986
    484,  0.034277942,  0.666849196
    485, 0.0512964465,  0.538482904
    486,  0.344492853,  0.417036951
    487,  0.386373252,  0.458921403
    488, 0.0512994304,  0.597713709
    489,  0.442234099,  0.514770746
    490,  0.456211448,  0.528783858
    491,  0.372413039,  0.444959849
    492, 0.0512974076,  0.558226287
    493, 0.0512984842,  0.577969968
    494,  0.358452857,  0.430998325
    495,  0.470199734,   0.54284966
    496, 0.0342006087,  0.627329826
    497,  0.433367491,  0.481732249
    498,  0.419405878,  0.467771471
    499,  0.503604293,  0.550990403
    500,  0.121109106,  0.193751663
    501, 0.0525006466,  0.223038837
    502,  0.110029653,  0.161788687
    503,  0.494422406,  0.624161422
    504, 0.0374890529,  0.192341551
    505,  0.528975606,  0.605556786
    506,  0.051430922,  0.773624241
    507,  0.333550811,  0.699833691
    508,  0.349832475,  0.691818118
    509,  0.283626765,  0.721527517
    510,  0.300417215,  0.714640737
    511,  0.266649395,  0.727941096
    512,  0.249532863,  0.733972371
    513,  0.317048997,  0.707383275
    514,   0.17982097,  0.754114985
    515,  0.232283071,  0.739607871
    516,  0.365921676,  0.683424294
    517,  0.162115782,   0.75809902
    518,  0.413039058,  0.656087995
    519,   0.21490179,  0.744821787
    520,  0.381809235,  0.674655318
    521,  0.428520858,  0.646186411
    522,  0.197403595,  0.749626338
    523,  0.397496581,  0.665515244
    524,  0.444189042,  0.635935903
    525,  0.144323632,  0.761673152
    526,  0.126455024,  0.764838815
    527,  0.108523093,  0.767569482
    528, 0.0904024392,   0.76982677
    529, 0.0717776641,  0.771760225
    530,  0.540428281,  0.590414703
    531,  0.511223137,  0.614765108
    532,  0.460328996,  0.625489473
    533,  0.115828969,  0.212007329
    534, 0.0694896877,  0.233006999
    535,  0.484483272,  0.556570113
    536,  0.513297856,  0.580919325
    537,  0.414294779,  0.486844659
    538, 0.0329870731,  0.765306354
    539, 0.0513026826,  0.637201607
    540, 0.0344767235,  0.727518857
    541, 0.0513358749,  0.656951308
    542,  0.325421542,  0.422146887
    543,  0.339381158,  0.436108351
    544, 0.0683951899,  0.528610706
    545, 0.0683965087,  0.548353851
    546,  0.450829089,  0.547977567
    547,  0.437015951,  0.533913493
    548,  0.255619586,  0.352342635
    549,  0.199776232,  0.296499699
    550,  0.311461627,  0.408185899
    551,  0.157862797,  0.254678488
    552,  0.297501385,  0.394225031
    553,  0.241658822,  0.338381857
    554,  0.068761602,  0.272122532
    555, 0.0686275586,  0.291715056
    556, 0.0683948249,  0.370663166
    557, 0.0683935434,  0.449637711
    558, 0.0685897991,  0.311382979
    559, 0.0683937147,  0.390407115
    560, 0.0683944225,  0.508867621
    561, 0.0683935136,  0.429894209
    562, 0.0683936626,  0.469381154
    563,  0.185811922,  0.282540679
    564, 0.0684163347,  0.350911498
    565, 0.0685212761,  0.331132114
    566,  0.171864569,  0.268596381
    567,  0.227698058,  0.324421078
    568,  0.143563598,  0.240774125
    569,  0.213737249,  0.310460329
    570,  0.283540905,  0.380264223
    571,  0.269580275,  0.366303414
    572, 0.0691780746,  0.252545476
    573, 0.0327936821,  0.746879518
    574, 0.0683935359,  0.410150677
    575,  0.068393968,  0.489124447
    576, 0.0514443591,  0.676714242
    577, 0.0683980659,  0.568097353
    578,  0.353340864,  0.450070173
    579,  0.128956869,  0.226591215
    580,   0.36730063,  0.464032173
    581, 0.0683997124,  0.587841094
    582, 0.0350332931,  0.707052946
    583,  0.051300887,  0.617457509
    584, 0.0336845331,  0.784440696
    585,  0.428260922,  0.500808299
    586,  0.400333554,  0.472883075
    587,  0.499103904,  0.569377422
    588, 0.0534435585,   0.20337379
    589,  0.106911227,  0.180489376
    590,  0.477217495,    0.6152426
    591,  0.042275589,  0.170393273
    592, 0.0610358715,  0.755449295
    593,  0.334156662,  0.680482388
    594,  0.349977463,  0.672442496
    595,  0.318114012,  0.688068449
    596,  0.235597849,  0.720548272
    597,   0.26906386,  0.708733082
    598,  0.252384245,  0.714792192
    599,   0.28556177,  0.702197134
    600,  0.167197421,  0.739432335
    601,  0.301900297,  0.695276737
    602,  0.218653664,  0.725821674
    603,   0.36560747,  0.664039016
    604,  0.411586732,  0.636735022
    605,  0.149846107,  0.743106782
    606,  0.184444427,  0.735255182
    607,   0.13244468,  0.746374786
    608,   0.42699638,  0.626842618
    609,     0.201591,  0.730690598
    610,  0.396354735,  0.646191478
    611,  0.381043226,  0.655257344
    612,  0.114993267,  0.749203384
    613, 0.0973134786,  0.751521468
    614, 0.0791639239,   0.75348413
    615,  0.442863047,  0.616620004
    616, 0.0871592313,  0.242720947
    617,  0.494592875,  0.605864286
    618,  0.106684349,  0.231218845
    619,  0.495938063,  0.587590814
    620, 0.0546675958,  0.185260341
    621,  0.123839952,  0.246238038
    622,  0.464723259,  0.562359631
    623,   0.40918687,  0.505922198
    624,  0.395222038,  0.491957277
    625, 0.0684131905,  0.627357841
    626, 0.0546200909,  0.718612731
    627, 0.0854954794,  0.538481236
    628,  0.320309401,  0.441218168
    629, 0.0494644083,  0.740296781
    630, 0.0854940265,  0.518738449
    631,  0.306350112,  0.427256852
    632, 0.0683684275,  0.667069197
    633, 0.0684220567,  0.647250772
    634, 0.0854981244,  0.558224797
    635,   0.33426851,  0.455180138
    636,  0.292390466,  0.413295895
    637,  0.250509501,   0.37141344
    638,  0.166612387,  0.287724525
    639,  0.236548796,  0.357452631
    640, 0.0861376002,  0.301307529
    641, 0.0854919553,   0.43976593
    642, 0.0861073434,  0.281894624
    643, 0.0854955837,  0.380533963
    644, 0.0854921117,  0.459509343
    645, 0.0855615437,     0.360771
    646, 0.0860639364,  0.321057498
    647,  0.138702095,  0.259903431
    648,  0.194661856,  0.315581053
    649,  0.222587973,  0.343492299
    650, 0.0864882469,  0.262568414
    651,  0.180652007,  0.301660031
    652, 0.0854919776,  0.420022428
    653, 0.0854924545,  0.479252607
    654,  0.152592301,  0.273749202
    655, 0.0854929611,  0.400278509
    656, 0.0854931027,  0.498995572
    657,  0.208625868,  0.329535455
    658,    0.2644701,  0.385374248
    659, 0.0858014897,  0.340939641
    660,  0.278430402,  0.399335057
    661,  0.348227739,  0.469142497
    662, 0.0855086595,  0.577973783
    663,  0.051848717,  0.696537912
    664, 0.0684031844,  0.607589662
    665,  0.381260693,  0.477994412
    666,  0.423122048,  0.519911587
    667, 0.0698283091,  0.213494018
    668,  0.431826621,  0.553043485
    669,  0.103078529,  0.198434517
    670, 0.0931997821,   0.16887781
    671,  0.459488362,  0.605774641
    672,  0.479919255,  0.575921237
    673, 0.0157295559,  0.811187387
    674,  0.524935305,   0.59019053
    675,  0.091029264,  0.150021985
    676,  0.511493802,  0.597481132
    677, 0.0677875578,  0.736905694
    678,  0.334355921,   0.66121316
    679,   0.31877178,  0.668827474
    680,  0.238495305,  0.701503873
    681,  0.221998543,  0.706862032
    682,  0.303012609,  0.676068962
    683,  0.349719584,  0.653161287
    684,  0.254838377,  0.695693433
    685,  0.271042556,   0.68951267
    686,  0.287088305,  0.682935238
    687,  0.154961124,  0.724536598
    688,  0.171851397,  0.720674276
    689,  0.138012543,  0.727937996
    690,  0.205381319,  0.711828828
    691,  0.394944578,   0.62690413
    692,  0.364904761,  0.644765496
    693,   0.37994653,  0.635985851
    694,  0.188654408,  0.716402292
    695,  0.121104218,  0.730985343
    696,   0.10406895,  0.733383954
    697, 0.0863875374,  0.735164344
    698,  0.410204828,  0.617371917
    699,   0.06963671,  0.167004213
    700,  0.425899088,  0.607670844
    701, 0.0455423929,  0.756311238
    702,  0.104633406,  0.253462672
    703, 0.0865719542,  0.223224446
    704, 0.0703940168,  0.193234578
    705,  0.477524579,  0.595704377
    706,  0.120162502,  0.265335023
    707, 0.0671265721,  0.703781784
    708,  0.403876126,   0.52538836
    709,  0.376147211,  0.497068197
    710,  0.389998436,  0.511223197
    711, 0.0857010633,  0.617639065
    712,  0.102594413,  0.528608561
    713,  0.301237613,  0.446327895
    714,  0.102597371,   0.54835552
    715,  0.315196157,  0.460289776
    716,  0.102592804,  0.508866131
    717,  0.287278742,  0.432366729
    718, 0.0858747363,  0.637829721
    719, 0.0856298208,  0.658011436
    720,  0.329153925,  0.474252433
    721,  0.217437714,  0.362579972
    722,  0.161305115,  0.307082474
    723,  0.102579504,  0.370684594
    724,  0.103447512,  0.290983975
    725,  0.104178064,  0.310596913
    726,  0.102589741,  0.429894269
    727,  0.102543175,  0.390423685
    728,  0.175548449,  0.320865959
    729,  0.103503354,  0.330980748
    730,  0.102864087,  0.350949019
    731,  0.146616891,  0.293080747
    732,  0.189500481,  0.334720016
    733,  0.203410491,  0.348654538
    734,  0.102570854,  0.410156369
    735,  0.231426224,   0.37652871
    736,  0.245396182,  0.390485525
    737,  0.259358853,   0.40444535
    738,  0.102590464,  0.449637532
    739,  0.102590956,  0.469380707
    740,  0.102591738,  0.489123553
    741,  0.273319185,   0.41840592
    742,  0.133205712,  0.278589517
    743,  0.102980658,  0.272573203
    744,  0.102618657,  0.568141282
    745, 0.0855690837,  0.597765326
    746,  0.362187117,  0.483105183
    747,  0.417858928,  0.539468646
    748, 0.0681571811,  0.686772168
    749,  0.445306748,  0.566752672
    750, 0.0882760808,  0.185477108
    751,  0.441763252,  0.597507477
    752, 0.0758151039,  0.718456268
    753,  0.319029212,  0.649675548
    754,  0.334136605,  0.642002165
    755,  0.303718507,  0.656932116
    756,  0.224934772,  0.687937438
    757,  0.240969628,  0.682462871
    758,  0.288245291,  0.663831055
    759,  0.256866246,  0.676604033
    760,  0.272612363,  0.670356512
    761,  0.208756909,  0.692974389
    762,  0.142956853,   0.70964396
    763,  0.349070638,  0.633971453
    764,  0.159559473,  0.705959678
    765,  0.192471832,  0.697648346
    766,  0.176066622,  0.701942682
    767,  0.363866866,  0.625544429
    768,  0.126359731,   0.71320051
    769,  0.378683001,  0.616655231
    770,  0.110241435,  0.716354787
    771, 0.0937829018,  0.717648208
    772,  0.393942177,  0.607347727
    773,  0.409806877,  0.598020196
    774,  0.086330466,  0.204658046
    775,  0.116782382,  0.281151175
    776,  0.425713927,  0.589211702
    777, 0.0996988565,  0.213908643
    778, 0.0846456438,  0.699432254
    779,  0.123945534,  0.298358947
    780,  0.119688034,  0.518752038
    781,  0.119663388,  0.538581789
    782,  0.282166064,  0.451438099
    783,  0.296124816,  0.465402722
    784,  0.370757461,  0.516368032
    785,  0.356994361,  0.502220213
    786,   0.10321182,  0.607974112
    787,  0.384155512,  0.531308234
    788,   0.10404747,  0.628613293
    789,  0.268207401,  0.437476724
    790,  0.119689919,   0.49899891
    791,  0.119568475,  0.558616817
    792,  0.310096443,   0.47939676
    793,  0.103729069,  0.649508595
    794,  0.458289087,  0.583692312
    795,  0.254254043,  0.423509568
    796,  0.119676985,  0.439770252
    797,  0.119685605,  0.459510297
    798,  0.212304145,  0.381622642
    799,  0.226362497,  0.395539731
    800,  0.121903531,  0.321253181
    801,  0.119667336,  0.420026749
    802,  0.119508594,  0.361018658
    803,  0.119563535,  0.380488515
    804,  0.156576008,  0.326528639
    805,  0.120278589,  0.341557324
    806,    0.1197007,  0.400204659
    807,  0.170551196,  0.339924157
    808,   0.19808726,  0.367736459
    809,  0.184139565,  0.353745937
    810,  0.240322247,  0.409515649
    811,  0.119689159,  0.479252696
    812,   0.14140375,  0.313241392
    813,  0.343094766,  0.488222927
    814,   0.10281349,  0.588024259
    815, 0.0850466937,  0.678110421
    816,  0.398371637,  0.545975626
    817,   0.41333729,  0.559283435
    818,  0.427637815,  0.571481109
    819,  0.100897275,  0.704230785
    820,  0.243044406,  0.663502157
    821,  0.136914819,  0.429948241
    822,  0.195879072,   0.67891115
    823,  0.289002329,  0.644807994
    824,  0.333546042,  0.622921467
    825,  0.179885611,  0.683281481
    826,  0.136795253,  0.489125431
    827,  0.178342447,  0.372853875
    828,   0.13692461,  0.449647605
    829,  0.439742148,  0.581729054
    830,  0.304013431,  0.637858272
    831,  0.291004002,  0.484567195
    832,  0.163684845,  0.687356949
    833,  0.100820467,  0.688726068
    834,   0.36499396,  0.535590053
    835,  0.136396915,  0.549228728
    836,  0.263094604,  0.456548035
    837,  0.135927767,  0.352026194
    838,  0.136213213,  0.370383322
    839,  0.138099223,  0.333288699
    840,  0.165128827,  0.358401716
    841,  0.207294673,  0.400399625
    842,  0.124401197,  0.641245544
    843,  0.377943486,  0.597024381
    844,  0.362840384,  0.606229186
    845,  0.348128557,   0.61479342
    846,   0.27380687,  0.651342452
    847,   0.13665022,  0.528913975
    848,  0.227442145,  0.668997467
    849,  0.121641792,  0.618578613
    850,  0.394967705,  0.567041159
    851,  0.258476257,  0.657549202
    852,  0.277037501,   0.47052896
    853,  0.351946503,  0.521338105
    854,  0.338140339,  0.507430077
    855,  0.120204628,  0.598275721
    856,  0.377095103,  0.553600729
    857,  0.147200048,  0.691257775
    858,  0.136766672,  0.508922577
    859,  0.211707994,  0.674102306
    860,  0.324132353,  0.493450671
    861,  0.318850309,  0.630540252
    862,  0.130528182,   0.69535929
    863,   0.24912937,  0.442582548
    864,  0.136867717,  0.469376802
    865,  0.221069455,   0.41438365
    866,  0.137212977,  0.389929056
    867,  0.137102723,  0.410142332
    868,  0.152566597,  0.345163047
    869,  0.193066344,  0.386707634
    870,  0.235000983,    0.4285281
    871,  0.119558141,  0.578596592
    872,  0.102132723,  0.669771373
    873,  0.394068688,  0.587510765
    874,   0.41092205,  0.578758061
    875,  0.303912908,  0.618888021
    876,  0.289331883,  0.625812232
    877,  0.318305165,  0.611567974
    878,  0.274591148,  0.632385194
    879,  0.229556233,  0.650145352
    880,  0.244692728,  0.644542754
    881,  0.259693861,  0.638591409
    882,  0.214261934,  0.655305862
    883,  0.198858052,  0.660133839
    884,  0.332596064,  0.603886843
    885,  0.183245942,  0.664635599
    886,   0.13414681,   0.67700839
    887,  0.150916785,  0.672999263
    888,   0.16721116,  0.668977261
    889,  0.347054601,  0.595691264
    890,  0.361994058,  0.586688876
    891,  0.377826273,  0.576547086
    892,  0.289276779,  0.606936514
    893,  0.303391993,  0.599966168
    894,  0.274972588,  0.613505065
    895,  0.260522276,  0.619741797
    896,  0.231246725,  0.631301165
    897,   0.24593395,  0.625645936
    898,   0.21639955,  0.636526227
    899,  0.317395687,  0.592618823
    900,  0.201434657,  0.641406476
    901,  0.186079487,  0.645996153
    902,  0.331609607,  0.584776282
    903,  0.170164317,  0.650676191
    904,   0.13788332,  0.658784747
    905,  0.154297322,   0.65545845
    906,   0.34630987,  0.576371074
    907,  0.274959654,  0.594721556
    908,  0.288805842,  0.588201642
    909,    0.2609424,  0.600951672
    910,  0.246794358,  0.606875539
    911,  0.232521713,  0.612491667
    912,  0.218123496,   0.61777705
    913,   0.30242759,   0.58118403
    914,  0.203600273,  0.622711241
    915,  0.188533708,  0.627284527
    916,  0.316264898,  0.573386729
    917,  0.172338635,  0.631765485
    918,  0.156123787,  0.637591302
    919,  0.142577007,  0.644126177
    920,  0.331006825,  0.565358281
    921,  0.361303657,  0.567017436
    922,   0.11994718,  0.663012564
    923,  0.117035933,  0.682243586
    924,  0.114313833,  0.700019181
    925,  0.359310895,  0.550791562
    926,  0.153635368,  0.519137681
    927,  0.257943809,  0.475648493
    928,  0.153274104,  0.539664686
    929,  0.271891505,  0.489761025
    930,  0.243981838,  0.461702973
    931,  0.153733715,  0.499223679
    932,  0.229644194,  0.447748482
    933,  0.153949946,   0.47942242
    934,  0.154313177,  0.459592968
    935,  0.154421702,  0.439851254
    936,  0.333984137,  0.526787937
    937,  0.201662183,  0.418697983
    938,  0.137334958,   0.60796988
    939,  0.188725322,  0.405090332
    940,  0.214903697,   0.43344453
    941,  0.347878009,  0.539758444
    942,  0.139815018,  0.627630115
    943,  0.135624483,   0.58903116
    944,  0.154416338,  0.420323879
    945,  0.319573611,   0.51301831
    946,  0.156357557,  0.377895445
    947,  0.173802525,  0.392418295
    948,  0.155057788,  0.400375456
    949,  0.305162638,  0.498827279
    950,  0.135876551,  0.569597721
    951,  0.346187681,  0.557575643
    952,     0.274517,  0.576511025
    953,  0.260889322,  0.582574427
    954,  0.247200519,  0.588287354
    955,   0.28787604,  0.570329309
    956,  0.233429462,  0.593784869
    957,  0.219643325,  0.599166393
    958,  0.205710024,  0.604206979
    959,  0.191242486,  0.608623624
    960,  0.300742567,  0.562342405
    961,  0.175430685,  0.612379849
    962,  0.156297803,   0.61599797
    963,  0.315227091,  0.553550959
    964,  0.260857046,   0.56511718
    965,  0.247756913,  0.570412278
    966,  0.274491131,  0.559390903
    967,  0.234247223,  0.575414121
    968,   0.22094664,  0.581264496
    969,  0.207926273,   0.58652389
    970,  0.194520965,  0.590848148
    971,  0.287182897,  0.555046618
    972,  0.179981887,  0.593575895
    973,  0.163649917,  0.596040368
    974,  0.296716064,   0.54125911
    975,  0.170247883,  0.529915988
    976,  0.252684206,  0.494883627
    977,  0.238900423,  0.480704129
    978,  0.170501158,  0.509642303
    979,  0.224790514,   0.46706447
    980,  0.170832545,  0.489866078
    981,  0.151126981,   0.58133781
    982,  0.172376141,  0.449684024
    983,  0.300708175,  0.518986821
    984,   0.17157805,  0.470041633
    985,  0.209616035,  0.453401715
    986,  0.171713293,  0.430030972
    987,   0.19221577,  0.438111365
    988,  0.171494916,  0.411493301
    989,  0.149238795,  0.360773951
    990,  0.316254288,  0.533293366
    991,  0.331756353,  0.546054125
    992,  0.286119401,  0.504179239
    993,  0.152686536,  0.560854971
    994,  0.249429896,  0.555395067
    995,   0.26109466,  0.548114598
    996,  0.236154035,  0.557470441
    997,  0.221154392,  0.563717186
    998,  0.210213766,  0.571757793
    999,  0.277191401,  0.542780578
   1000,  0.197829023,  0.573951006
   1001,  0.185491219,  0.578953564
   1002,  0.169735715,  0.574767053
   1003,  0.148806825,  0.598075449
   1004,  0.233461291,  0.499384075
   1005,  0.187281355,  0.520300746
   1006,  0.220735386,  0.485593677
   1007,  0.187455148,  0.500455678
   1008,  0.281673223,    0.5242396
   1009,  0.188310608,  0.481063992
   1010,  0.206239045,  0.473308891
   1011,  0.190055937,  0.460935265
   1012,  0.266993701,  0.509469211
   1013,  0.169706881,  0.551318049
   1014,  0.243224502,  0.538199127
   1015,  0.204011634,  0.555234313
   1016,  0.262877077,  0.529578209
   1017,   0.18560417,  0.562513351
   1018,  0.217328012,  0.501237392
   1019,  0.204029247,  0.491961688
   1020,  0.247263327,  0.515113831
   1021,  0.186913222,  0.541716278
   1022,  0.204176709,  0.510689974
   1023,  0.224577293,  0.519876122
   1024,  0.204820007,  0.531885147
   1025,  0.222323641,  0.544397056
   1026,  0.185162291,  0.420684785