4                1     281.325E-36 
1                1         901.756 
66              70          910.95  
67             100         918.343  
68              97         924.657
69              96         930.123 
70              78         934.967
71              78         939.348
72              71         943.382 
73              81          947.16 
74              68         950.761 
75              67         954.257 
76              67         957.722 
77             105         961.245 
78             105         964.936
79             111         968.956
80             112         973.558
81             174         979.065
6               11         985.746
16              12         991.888
17              18         997.786
18              24     1.00305E+03
19              30     1.00763E+03
20              3      1.01155E+03
21              42     1.01485E+03 
22              48     1.01758E+03
23              1      1.01977E+03
24              3      1.02147E+03
7               2      1.02271E+03