1.69E-34
351.073
652.761
917.244
921.951
926.205
930.037
933.525
936.732
939.703
942.475
945.074
947.525
949.846
952.055
954.166
956.191
958.142
960.028
961.86
963.646
965.395
967.114
968.813
970.5
972.184
973.875
975.584
977.323
979.108
980.956
982.89
984.936
987.13
989.515
992.145
995.076
998.32
1.00E+03
1.00E+03
1.01E+03
1.01E+03
1.01E+03
1.02E+03
1.02E+03
1.02E+03
1.02E+03
1.03E+03
1.03E+03
1.03E+03
1.03E+03
1.03E+03
1.03E+03
1.03E+03
1.04E+03
1.04E+03
1.04E+03
1.04E+03
1.04E+03
