 1,   1,  10,  21
 2,  10, 165,  21
 3,  10,  11, 165
 4,  11, 166, 165
 5,  11,  12, 166
 6,  12, 167, 166
 7,  12,  13, 167
 8,  13, 168, 167
 9,  13,   2, 168
10,   2,  14, 168
11,  21, 165,  20
12, 165, 169,  20
13, 165, 166, 169
14, 166, 170, 169
15, 166, 167, 170
16, 167, 171, 170
17, 167, 168, 171
18, 168, 172, 171
19, 168,  14, 172
20,  14,  15, 172
21,  20, 169,   4
22, 169,  19,   4
23, 169, 170,  19
24, 170,  18,  19
25, 170, 171,  18
26, 171,  17,  18
27, 171, 172,  17
28, 172,  16,  17
29, 172,  15,  16
30,  15,   3,  16
 31,   5,  22, 173
 32, 173,  67,   5
 33,  22,  23, 174
 34, 174, 173,  22
 35,  23,  24, 175
 36, 175, 174,  23
 37,  24,  25, 176
 38, 176, 175,  24
 39,  25,   6,  26
 40,  26, 176,  25
 41,  67, 173, 177
 42, 177,  66,  67
 43, 173, 174, 178
 44, 178, 177, 173
 45, 174, 175, 179
 46, 179, 178, 174
 47, 175, 176, 180
 48, 180, 179, 175
 49, 176,  26,  27
 50,  27, 180, 176
 51,  66, 177, 181
 52, 181,  65,  66
 53, 177, 178, 182
 54, 182, 181, 177
 55, 178, 179, 183
 56, 183, 182, 178
 57, 179, 180, 184
 58, 184, 183, 179
 59, 180,  27,  28
 60,  28, 184, 180
 61,  65, 181, 185
 62, 185,  64,  65
 63, 181, 182, 186
 64, 186, 185, 181
 65, 182, 183, 187
 66, 187, 186, 182
 67, 183, 184, 188
 68, 188, 187, 183
 69, 184,  28,  29
 70,  29, 188, 184
 71,  64, 185, 189
 72, 189,  63,  64
 73, 185, 186, 190
 74, 190, 189, 185
 75, 186, 187, 191
 76, 191, 190, 186
 77, 187, 188, 192
 78, 192, 191, 187
 79, 188,  29,  30
 80,  30, 192, 188
 81,  63, 189, 193
 82, 193,  62,  63
 83, 189, 190, 194
 84, 194, 193, 189
 85, 190, 191, 195
 86, 195, 194, 190
 87, 191, 192, 196
 88, 196, 195, 191
 89, 192,  30,  31
 90,  31, 196, 192
 91,  62, 193, 197
 92, 197,  61,  62
 93, 193, 194, 198
 94, 198, 197, 193
 95, 194, 195, 199
 96, 199, 198, 194
 97, 195, 196, 200
 98, 200, 199, 195
 99, 196,  31,  32
100,  32, 200, 196
101,  61, 197, 201
102, 201,  60,  61
103, 197, 198, 202
104, 202, 201, 197
105, 198, 199, 203
106, 203, 202, 198
107, 199, 200, 204
108, 204, 203, 199
109, 200,  32,  33
110,  33, 204, 200
111,  60, 201, 205
112, 205,  59,  60
113, 201, 202, 206
114, 206, 205, 201
115, 202, 203, 207
116, 207, 206, 202
117, 203, 204, 208
118, 208, 207, 203
119, 204,  33,  34
120,  34, 208, 204
121,  59, 205, 209
122, 209,  58,  59
123, 205, 206, 210
124, 210, 209, 205
125, 206, 207, 211
126, 211, 210, 206
127, 207, 208, 212
128, 212, 211, 207
129, 208,  34,  35
130,  35, 212, 208
131,  58, 209, 213
132, 213,  57,  58
133, 209, 210, 214
134, 214, 213, 209
135, 210, 211, 215
136, 215, 214, 210
137, 211, 212, 216
138, 216, 215, 211
139, 212,  35,  36
140,  36, 216, 212
141,  57, 213, 217
142, 217,  56,  57
143, 213, 214, 218
144, 218, 217, 213
145, 214, 215, 219
146, 219, 218, 214
147, 215, 216, 220
148, 220, 219, 215
149, 216,  36,  37
150,  37, 220, 216
151,  56, 217, 221
152, 221,  55,  56
153, 217, 218, 222
154, 222, 221, 217
155, 218, 219, 223
156, 223, 222, 218
157, 219, 220, 224
158, 224, 223, 219
159, 220,  37,  38
160,  38, 224, 220
161,  55, 221, 225
162, 225,  54,  55
163, 221, 222, 226
164, 226, 225, 221
165, 222, 223, 227
166, 227, 226, 222
167, 223, 224, 228
168, 228, 227, 223
169, 224,  38,  39
170,  39, 228, 224
171,  54, 225, 229
172, 229,  53,  54
173, 225, 226, 230
174, 230, 229, 225
175, 226, 227, 231
176, 231, 230, 226
177, 227, 228, 232
178, 232, 231, 227
179, 228,  39,  40
180,  40, 232, 228
181,  53, 229, 233
182, 233,  52,  53
183, 229, 230, 234
184, 234, 233, 229
185, 230, 231, 235
186, 235, 234, 230
187, 231, 232, 236
188, 236, 235, 231
189, 232,  40,  41
190,  41, 236, 232
191,  52, 233, 237
192, 237,  51,  52
193, 233, 234, 238
194, 238, 237, 233
195, 234, 235, 239
196, 239, 238, 234
197, 235, 236, 240
198, 240, 239, 235
199, 236,  41,  42
200,  42, 240, 236
201,  51, 237, 241
202, 241,  50,  51
203, 237, 238, 242
204, 242, 241, 237
205, 238, 239, 243
206, 243, 242, 238
207, 239, 240, 244
208, 244, 243, 239
209, 240,  42,  43
210,  43, 244, 240
211,  50, 241, 245
212, 245,  49,  50
213, 241, 242, 246
214, 246, 245, 241
215, 242, 243, 247
216, 247, 246, 242
217, 243, 244, 248
218, 248, 247, 243
219, 244,  43,  44
220,  44, 248, 244
221,  49, 245,  48
222,  48,   8,  49
223, 245, 246,  47
224,  47,  48, 245
225, 246, 247,  46
226,  46,  47, 246
227, 247, 248,  45
228,  45,  46, 247
229, 248,  44,   7
230,   7,  45, 248
 231,  278,  149,  150
 232,  286,  264,  113
 233,  295,  146,  147
 234,  390,  132,  272
 235,  296,  252,  144
 236,  270,  138,  254
 237,  384,  373,  264
 238,  882,  848,  859
 239,  454,  103,  410
 240,  346,  318,  315
 241,  287,  115,  261
 242,  295,  147,  253
 243,  533,  500,  467
 244,  294,  142,  255
 245,  273,  271,  140
 246,  392,  271,  369
 247,  272,  133,  256
 248,  271,  139,  140
 249,  368,  274,  270
 250,  480,  398,  479
 251,  289,  119,  260
 252,  265,  261,  116
 253,  253,  147,  148
 254,  327,   82,   83
 255,  300,  110,  263
 256,  320,  311,   84
 257,  299,  108,  262
 258,  375,  107,  299
 259,  411,  105,  377
 260,  341,  321,  314
 261,  321,  316,   90
 262,  314,   91,   92
 263,  444,  346,  420
 264,  701,  592,  506
 265,  584,  449,  538
 266,  376,   98,   99
 267,  313,   96,   97
 268,   96,    9,   97
 269,  673,   97,   98
 270,  584,  417,  376
 271,  318,   93,   94
 272,  605,  517,  525
 273,  377,  106,  375
 274,  322,   88,   89
 275,  436,  434,  343
 276,  343,  325,  306
 277,  423,  352,  344
 278,  427,  425,  342
 279,  262,  108,  109
 280,  263,  110,  111
 281,  263,  111,  257
 282,  286,  113,  114
 283,  296,  145,  251
 284,  386,  265,  288
 285,  255,  143,  252
 286,  288,  265,  117
 287,  408,  273,  294
 288,  290,  121,  258
 289,  452,  393,  392
 290,  274,  137,  270
 291,  650,  572,  616
 292,  275,  136,  274
 293,  293,  126,  127
 294,  405,  274,  368
 295,  293,  127,  267
 296,  276,  134,  135
 297,  675,  390,  502
 298,  589,  391,  500
 299,  500,  394,  467
 300,  268,  267,  128
 301,  269,  130,   13
 302,  130,    2,   13
 303,  131,   10,    1
 304,  699,  591,   12
 305,  278,  277,  149
 306,  407,  279,  280
 307,  310,   81,   82
 308,  407,  406,  279
 309,  279,  278,  150
 310,  349,  302,  310
 311,  281,  280,  152
 312,  323,  305,   78
 313,  356,  329,  336
 314,  282,  281,  153
 315,  358,  326,  335
 316,  361,  155,  283
 317,  303,   74,   75
 318,  284,  156,  157
 319,  437,  338,  435
 320,  284,  283,  156
 321,  328,   74,  303
 322,  603,  516,  594
 323,  297,  158,  285
 324,  334,  304,  324
 325,  298,  159,  160
 326,  772,  691,  769
 327,  298,  285,  159
 328,  304,   69,   70
 329,  362,  161,  301
 330,  354,  304,  334
 331,  363,  162,  163
 332,  530,  446,  363
 333,  530,  370,  331
 334,  370,  164,  333
 335,  249,   24,   23
 336,  370,  249,  331
 337,  333,   24,  249
 338,  164,    6,   25
 339,  250,   23,   22
 340,  250,  249,   23
 341,  332,   22,    5
 342,  330,   68,  317
 343,  453,  396,  451
 344,  251,  145,  146
 345,  289,  118,  119
 346,  252,  143,  144
 347,  277,  148,  149
 348,  287,  114,  115
 349,  291,  123,  259
 350,  254,  138,  139
 351,  387,  289,  260
 352,  255,  142,  143
 353,  750,  699,  670
 354,  256,  133,  134
 355,  257,  111,  112
 356,  264,  112,  113
 357,  258,  121,  122
 358,  291,  122,  123
 359,  259,  123,  124
 360,  292,  124,  125
 361,  260,  119,  120
 362,  290,  260,  120
 363,  261,  115,  116
 364,  265,  116,  117
 365,  425,  344,  342
 366,  300,  109,  110
 367,  382,  257,  373
 368,  493,  412,  492
 369,  396,  277,  364
 370,  264,  257,  112
 371,  288,  117,  118
 372,  400,  397,  296
 373,  266,  125,  126
 374,  372,  276,  275
 375,  267,  127,  128
 376,  268,  128,  129
 377,  269,  129,  130
 378,  269,  268,  129
 379,  591,   13,   12
 380,  670,  502,  589
 381,  270,  137,  138
 382,  483,  403,  404
 383,  271,  254,  139
 384,  273,  140,  141
 385,  502,  272,  391
 386,  272,  132,  133
 387,  294,  273,  141
 388,  479,  371,  450
 389,  779,  775,  742
 390,  274,  136,  137
 391,  276,  135,  275
 392,  275,  135,  136
 393,  572,  472,  534
 394,  276,  256,  134
 395,  277,  253,  148
 396,  279,  150,  151
 397,  280,  151,  152
 398,  406,  278,  279
 399,  280,  279,  151
 400,  329,   80,  302
 401,  281,  152,  153
 402,  498,  282,  361
 403,  282,  153,  154
 404,  305,   77,   78
 405,  361,  154,  155
 406,  416,  284,  297
 407,  283,  155,  156
 408,  521,  435,  518
 409,  297,  157,  158
 410,  415,  285,  298
 411,  285,  158,  159
 412,  447,  362,  301
 413,  287,  286,  114
 414,  385,  287,  261
 415,  385,  261,  379
 416,  413,  287,  385
 417,  289,  288,  118
 418,  386,  379,  265
 419,  462,  374,  456
 420,  387,  260,  374
 421,  290,  120,  121
 422,  404,  403,  258
 423,  549,  475,  465
 424,  291,  258,  122
 425,  292,  259,  124
 426,  292,  125,  266
 427,  394,  276,  372
 428,  293,  266,  126
 429,  294,  141,  142
 430,  398,  255,  371
 431,  295,  251,  146
 432,  470,  399,  453
 433,  296,  144,  145
 434,  400,  251,  395
 435,  355,  324,  309
 436,  297,  284,  157
 437,  362,  160,  161
 438,  317,   69,  304
 439,  325,  308,   86
 440,  299,  107,  108
 441,  352,  327,  344
 442,  300,  262,  109
 443,  301,  161,  162
 444,  317,   68,   69
 445,  426,  350,  356
 446,  302,   80,   81
 447,  307,   75,   76
 448,  326,   77,  305
 449,  324,   70,   71
 450,  309,   71,   72
 451,  339,  337,  303
 452,  323,   78,   79
 453,  325,   87,  306
 454,  306,   87,   88
 455,  307,  303,   75
 456,  326,  307,   76
 457,  320,   85,  308
 458,  308,   85,   86
 459,  319,   72,   73
 460,  319,  309,   72
 461,  310,  302,   81
 462,  344,  311,  342
 463,  311,   83,   84
 464,  357,  342,  320
 465,  314,   92,  312
 466,  312,   92,   93
 467,  315,   95,  313
 468,  313,   95,   96
 469,  528,  527,  442
 470,  321,   91,  314
 471,  417,  315,  313
 472,  315,   94,   95
 473,  345,  316,  321
 474,  316,   89,   90
 475,  360,  317,  354
 476,  330,    5,   68
 477,  318,  312,   93
 478,  318,   94,  315
 479,  328,  319,   73
 480,  359,  328,  337
 481,  320,   84,   85
 482,  357,  308,  340
 483,  321,   90,   91
 484,  351,  314,  312
 485,  322,  306,   88
 486,  322,   89,  316
 487,  329,  323,   79
 488,  422,  336,  349
 489,  324,  304,   70
 490,  324,   71,  309
 491,  325,   86,   87
 492,  343,  340,  325
 493,  326,   76,   77
 494,  335,  326,  305
 495,  327,  310,   82
 496,  327,   83,  311
 497,  328,   73,   74
 498,  337,  328,  303
 499,  329,   79,   80
 500,  336,  329,  302
 501,  419,  418,  332
 502,  419,  330,  360
 503,  331,  249,  250
 504,  418,  250,  332
 505,  332,  250,   22
 506,  332,    5,  330
 507,  333,  164,   25
 508,  333,   25,   24
 509,  338,  309,  319
 510,  415,  367,  285
 511,  497,  361,  283
 512,  350,  305,  323
 513,  412,  263,  382
 514,  424,  356,  336
 515,  432,  339,  430
 516,  339,  303,  307
 517,  435,  359,  433
 518,  359,  338,  319
 519,  358,  339,  307
 520,  430,  358,  429
 521,  340,  308,  325
 522,  431,  427,  357
 523,  410,  103,  104
 524,  345,  321,  341
 525,  342,  311,  320
 526,  378,  262,  300
 527,  347,  306,  322
 528,  438,  436,  347
 529,  381,  262,  378
 530,  344,  327,  311
 531,  353,  316,  345
 532,  411,  410,  104
 533,  584,  506,  420
 534,  348,  318,  346
 535,  347,  343,  306
 536,  353,  347,  322
 537,  443,  442,  351
 538,  348,  312,  318
 539,  349,  336,  302
 540,  352,  349,  310
 541,  350,  335,  305
 542,  356,  350,  323
 543,  351,  341,  314
 544,  351,  312,  348
 545,  352,  310,  327
 546,  423,  421,  352
 547,  353,  322,  316
 548,  441,  440,  345
 549,  445,  334,  439
 550,  354,  317,  304
 551,  355,  334,  324
 552,  355,  309,  338
 553,  356,  323,  329
 554,  511,  509,  421
 555,  357,  320,  308
 556,  512,  511,  423
 557,  358,  307,  326
 558,  429,  335,  428
 559,  359,  319,  328
 560,  433,  337,  432
 561,  505,  331,  418
 562,  360,  330,  317
 563,  361,  282,  154
 564,  497,  283,  366
 565,  362,  298,  160
 566,  531,  505,  419
 567,  363,  301,  162
 568,  370,  363,  163
 569,  494,  406,  407
 570,  364,  277,  278
 571,  409,  281,  365
 572,  365,  281,  282
 573,  366,  283,  284
 574,  520,  430,  516
 575,  367,  297,  285
 576,  439,  355,  437
 577,  393,  270,  254
 578,  383,  380,  259
 579,  404,  291,  380
 580,  369,  271,  273
 581,  370,  163,  164
 582,  370,  333,  249
 583,  371,  255,  252
 584,  397,  252,  296
 585,  405,  372,  275
 586,  389,  293,  388
 587,  373,  257,  264
 588,  384,  264,  286
 589,  374,  260,  290
 590,  403,  290,  258
 591,  375,  106,  107
 592,  496,  299,  381
 593,  673,  376,  417
 594,  449,   99,  100
 595,  440,  438,  353
 596,  377,  105,  106
 597,  412,  300,  263
 598,  511,  421,  423
 599,  481,  400,  395
 600,  379,  261,  265
 601,  380,  291,  259
 602,  383,  259,  292
 603,  434,  431,  340
 604,  381,  299,  262
 605,  382,  263,  257
 606,  485,  373,  460
 607,  401,  292,  266
 608,  566,  466,  452
 609,  413,  286,  287
 610,  543,  486,  494
 611,  550,  451,  542
 612,  478,  385,  461
 613,  414,  288,  289
 614,  471,  397,  400
 615,  730,  645,  659
 616,  474,  387,  462
 617,  388,  293,  267
 618,  402,  267,  268
 619,  401,  266,  389
 620,  389,  266,  293
 621,  390,   10,  131
 622,  390,  131,  132
 623,  391,  272,  256
 624,  394,  391,  256
 625,  393,  254,  392
 626,  392,  254,  271
 627,  466,  393,  452
 628,  393,  368,  270
 629,  394,  256,  276
 630,  467,  394,  372
 631,  395,  251,  295
 632,  399,  295,  253
 633,  396,  253,  277
 634,  451,  396,  364
 635,  397,  371,  252
 636,  400,  296,  251
 637,  567,  479,  553
 638,  398,  294,  255
 639,  399,  395,  295
 640,  399,  253,  396
 641,  481,  471,  400
 642,  481,  395,  470
 643,  468,  467,  372
 644,  401,  383,  292
 645,  402,  388,  267
 646,  504,  268,  269
 647,  403,  374,  290
 648,  404,  258,  291
 649,  463,  380,  459
 650,  463,  404,  380
 651,  405,  275,  274
 652,  469,  368,  466
 653,  406,  364,  278
 654,  409,  280,  281
 655,  409,  407,  280
 656,  491,  407,  409
 657,  408,  369,  273
 658,  408,  294,  398
 659,  792,  783,  715
 660,  716,  630,  656
 661,  442,  441,  341
 662,  411,  104,  105
 663,  448,  377,  375
 664,  633,  539,  625
 665,  412,  378,  300
 666,  492,  382,  485
 667,  413,  384,  286
 668,  461,  379,  458
 669,  414,  386,  288
 670,  414,  289,  387
 671,  499,  298,  362
 672,  503,  354,  445
 673,  416,  366,  284
 674,  416,  297,  367
 675,  417,  346,  315
 676,  673,  417,  313
 677,  418,  331,  250
 678,  419,  332,  330
 679,  674,  536,  446
 680,  505,  418,  419
 681,  420,  346,  417
 682,  457,  102,  454
 683,  422,  349,  421
 684,  421,  349,  352
 685,  586,  365,  498
 686,  424,  336,  422
 687,  425,  423,  344
 688,  577,  492,  545
 689,  578,  543,  494
 690,  426,  356,  424
 691,  427,  342,  357
 692,  488,  381,  378
 693,  595,  593,  507
 694,  428,  350,  426
 695,  431,  357,  340
 696,  519,  515,  427
 697,  508,  428,  507
 698,  428,  335,  350
 699,  516,  429,  508
 700,  429,  358,  335
 701,  585,  537,  497
 702,  430,  339,  358
 703,  434,  340,  343
 704,  522,  434,  514
 705,  490,  416,  367
 706,  432,  337,  339
 707,  518,  435,  433
 708,  433,  359,  337
 709,  436,  343,  347
 710,  517,  514,  436
 711,  490,  489,  416
 712,  435,  338,  359
 713,  438,  347,  353
 714,  525,  517,  438
 715,  495,  490,  367
 716,  437,  355,  338
 717,  440,  353,  345
 718,  484,  377,  448
 719,  524,  437,  521
 720,  439,  334,  355
 721,  441,  345,  341
 722,  464,  410,  411
 723,  442,  341,  351
 724,  527,  526,  441
 725,  443,  351,  348
 726,  819,  771,  778
 727,  444,  443,  348
 728,  540,  457,  454
 729,  444,  348,  346
 730,  584,  538,  506
 731,  676,  617,  619
 732,  445,  354,  334
 733,  447,  301,  446
 734,  446,  301,  363
 735,  531,  360,  503
 736,  499,  362,  447
 737,  496,  448,  375
 738,  583,  539,  496
 739,  449,  376,   99
 740,  482,  100,  101
 741,  474,  414,  387
 742,  450,  371,  397
 743,  486,  364,  406
 744,  478,  413,  385
 745,  475,  392,  369
 746,  459,  383,  455
 747,  658,  571,  570
 748,  453,  399,  396
 749,  454,  102,  103
 750,  582,  410,  464
 751,  455,  383,  401
 752,  473,  401,  389
 753,  565,  463,  558
 754,  456,  374,  403
 755,  629,  573,  540
 756,  457,  101,  102
 757,  458,  379,  386
 758,  477,  386,  414
 759,  743,  724,  642
 760,  459,  380,  383
 761,  460,  373,  384
 762,  476,  384,  413
 763,  478,  476,  413
 764,  461,  385,  379
 765,  655,  652,  574
 766,  462,  387,  374
 767,  563,  475,  549
 768,  558,  459,  555
 769,  526,  525,  440
 770,  484,  464,  411
 771,  465,  369,  408
 772,  480,  408,  398
 773,  466,  368,  393
 774,  566,  452,  563
 775,  704,  588,  620
 776,  468,  372,  405
 777,  469,  468,  405
 778,  568,  469,  551
 779,  469,  405,  368
 780,  551,  469,  466
 781,  470,  395,  399
 782,  552,  453,  550
 783,  571,  471,  481
 784,  471,  450,  397
 785,  472,  389,  388
 786,  501,  388,  402
 787,  473,  455,  401
 788,  473,  389,  472
 789,  559,  462,  556
 790,  477,  414,  474
 791,  475,  452,  392
 792,  475,  369,  465
 793,  631,  542,  628
 794,  476,  460,  384
 795,  574,  474,  559
 796,  477,  458,  386
 797,  630,  627,  544
 798,  562,  461,  557
 799,  479,  398,  371
 800,  553,  450,  548
 801,  567,  480,  479
 802,  480,  465,  408
 803,  570,  470,  552
 804,  570,  481,  470
 805,  482,  449,  100
 806,  482,  101,  457
 807,  483,  456,  403
 808,  483,  404,  463
 809,  484,  411,  377
 810,  605,  600,  517
 811,  543,  542,  486
 812,  485,  382,  373
 813,  486,  451,  364
 814,  491,  409,  487
 815,  487,  409,  365
 816,  753,  678,  679
 817,  793,  718,  788
 818,  493,  378,  412
 819,  489,  366,  416
 820,  608,  521,  604
 821,  495,  367,  415
 822,  604,  521,  518
 823,  507,  428,  426
 824,  580,  578,  491
 825,  492,  412,  382
 826,  545,  485,  544
 827,  848,  757,  756
 828,  493,  488,  378
 829,  494,  486,  406
 830,  494,  407,  491
 831,  535,  415,  499
 832,  532,  439,  524
 833,  496,  375,  299
 834,  583,  381,  488
 835,  537,  498,  497
 836,  585,  366,  489
 837,  498,  365,  282
 838,  498,  361,  497
 839,  705,  590,  671
 840,  499,  415,  298
 841,  620,  504,  591
 842,  500,  391,  394
 843,  501,  472,  388
 844,  588,  402,  504
 845,  675,  502,  670
 846,  502,  390,  272
 847,  503,  360,  354
 848,  590,  445,  532
 849,  504,  402,  268
 850,  591,  269,   13
 851,  674,  530,  505
 852,  531,  419,  360
 853,  529,  444,  506
 854,  506,  444,  420
 855,  513,  426,  424
 856,  510,  422,  509
 857,  593,  508,  507
 858,  508,  429,  428
 859,  509,  422,  421
 860,  627,  545,  544
 861,  681,  596,  602
 862,  510,  424,  422
 863,  512,  423,  425
 864,  662,  577,  634
 865,  515,  425,  427
 866,  581,  493,  577
 867,  513,  507,  426
 868,  513,  424,  510
 869,  514,  434,  436
 870,  517,  436,  438
 871,  515,  512,  425
 872,  519,  427,  431
 873,  610,  604,  518
 874,  516,  430,  429
 875,  525,  438,  440
 876,  541,  448,  539
 877,  523,  433,  432
 878,  623,  537,  585
 879,  522,  519,  431
 880,  606,  514,  600
 881,  520,  432,  430
 882,  594,  508,  593
 883,  622,  495,  535
 884,  521,  437,  435
 885,  522,  431,  434
 886,  634,  545,  627
 887,  523,  518,  433
 888,  523,  432,  520
 889,  615,  524,  608
 890,  524,  439,  437
 891,  526,  440,  441
 892,  576,  484,  541
 893,  527,  441,  442
 894,  612,  607,  526
 895,  528,  442,  443
 896,  633,  632,  541
 897,  529,  528,  443
 898,  626,  540,  582
 899,  529,  443,  444
 900,  701,  506,  538
 901,  530,  363,  370
 902,  530,  331,  505
 903,  705,  617,  590
 904,  676,  674,  505
 905,  794,  672,  705
 906,  532,  445,  439
 907,  579,  467,  468
 908,  703,  618,  616
 909,  534,  472,  501
 910,  667,  501,  588
 911,  535,  495,  415
 912,  587,  499,  447
 913,  536,  447,  446
 914,  617,  531,  503
 915,  666,  585,  489
 916,  624,  537,  623
 917,  538,  449,  482
 918,  573,  482,  457
 919,  539,  448,  496
 920,  664,  625,  583
 921,  582,  540,  454
 922,  778,  771,  752
 923,  607,  605,  525
 924,  541,  484,  448
 925,  717,  631,  713
 926,  542,  451,  486
 927,  578,  494,  491
 928,  720,  715,  635
 929,  544,  485,  460
 930,  560,  460,  476
 931,  598,  597,  511
 932,  545,  492,  485
 933,  547,  490,  546
 934,  546,  490,  495
 935,  547,  489,  490
 936,  747,  708,  666
 937,  574,  561,  477
 938,  548,  450,  471
 939,  569,  465,  480
 940,  725,  640,  724
 941,  562,  478,  461
 942,  550,  453,  451
 943,  555,  455,  554
 944,  642,  640,  555
 945,  575,  478,  562
 946,  552,  470,  453
 947,  733,  649,  721
 948,  553,  479,  450
 949,  554,  455,  473
 950,  572,  554,  473
 951,  638,  566,  563
 952,  555,  459,  455
 953,  556,  462,  456
 954,  564,  456,  483
 955,  557,  461,  458
 956,  561,  458,  477
 957,  805,  802,  730
 958,  558,  463,  459
 959,  655,  559,  643
 960,  559,  474,  462
 961,  560,  544,  460
 962,  575,  476,  478
 963,  639,  548,  637
 964,  561,  557,  458
 965,  738,  641,  726
 966,  644,  557,  641
 967,  563,  452,  475
 968,  645,  643,  556
 969,  564,  556,  456
 970,  565,  564,  483
 971,  565,  483,  463
 972,  646,  558,  640
 973,  654,  566,  638
 974,  566,  551,  466
 975,  657,  567,  649
 976,  649,  553,  639
 977,  702,  618,  621
 978,  568,  468,  469
 979,  569,  549,  465
 980,  569,  480,  567
 981,  658,  637,  571
 982,  660,  552,  636
 983,  571,  548,  471
 984,  571,  481,  570
 985,  572,  473,  472
 986,  621,  618,  579
 987,  573,  538,  482
 988,  573,  457,  540
 989,  574,  477,  474
 990,  867,  801,  806
 991,  653,  562,  644
 992,  575,  560,  476
 993,  613,  612,  527
 994,  576,  464,  484
 995,  602,  515,  519
 996,  577,  493,  492
 997,  580,  491,  487
 998,  661,  635,  578
 999,  579,  533,  467
1000,  579,  468,  568
1001,  665,  487,  586
1002,  611,  520,  603
1003,  825,  765,  766
1004,  581,  488,  493
1005,  582,  454,  410
1006,  663,  464,  576
1007,  583,  496,  381
1008,  664,  488,  581
1009,  584,  420,  417
1010,  584,  376,  449
1011,  585,  497,  366
1012,  666,  489,  547
1013,  586,  487,  365
1014,  586,  498,  537
1015,  587,  535,  499
1016,  587,  447,  536
1017,  774,  704,  750
1018,  588,  501,  402
1019,  589,  502,  391
1020,  669,  500,  533
1021,  590,  503,  445
1022,  671,  532,  615
1023,  591,  504,  269
1024,  699,   12,   11
1025,  614,  529,  592
1026,  592,  529,  506
1027,  595,  507,  513
1028,  601,  513,  510
1029,  678,  594,  593
1030,  594,  516,  508
1031,  599,  509,  597
1032,  823,  755,  758
1033,  598,  512,  596
1034,  596,  512,  515
1035,  714,  627,  712
1036,  597,  509,  511
1037,  598,  511,  512
1038,  681,  680,  596
1039,  684,  597,  598
1040,  599,  510,  509
1041,  600,  514,  517
1042,  689,  605,  607
1043,  601,  595,  513
1044,  601,  510,  599
1045,  602,  596,  515
1046,  609,  519,  522
1047,  710,  709,  624
1048,  603,  520,  516
1049,  749,  546,  622
1050,  610,  518,  523
1051,  607,  525,  526
1052,  632,  576,  541
1053,  606,  522,  514
1054,  718,  625,  711
1055,  612,  526,  527
1056,  695,  689,  607
1057,  700,  608,  698
1058,  608,  524,  521
1059,  609,  602,  519
1060,  609,  522,  606
1061,  611,  610,  523
1062,  853,  785,  784
1063,  611,  523,  520
1064,  683,  594,  678
1065,  613,  527,  528
1066,  696,  695,  612
1067,  614,  613,  528
1068,  677,  592,  629
1069,  614,  528,  529
1070,  677,  629,  626
1071,  751,  671,  615
1072,  615,  532,  524
1073,  616,  572,  534
1074,  703,  616,  534
1075,  676,  619,  536
1076,  617,  503,  590
1077,  618,  533,  579
1078,  621,  579,  568
1079,  672,  587,  619
1080,  619,  587,  536
1081,  774,  750,  669
1082,  620,  588,  504
1083,  647,  568,  551
1084,  743,  702,  706
1085,  622,  546,  495
1086,  672,  535,  587
1087,  624,  586,  537
1088,  666,  623,  585
1089,  691,  604,  610
1090,  709,  665,  624
1091,  625,  539,  583
1092,  745,  711,  664
1093,  663,  626,  582
1094,  771,  697,  752
1095,  630,  544,  560
1096,  635,  628,  543
1097,  628,  542,  543
1098,  635,  543,  578
1099,  701,  629,  592
1100,  629,  540,  626
1101,  656,  560,  575
1102,  636,  550,  631
1103,  631,  550,  542
1104,  790,  716,  740
1105,  689,  687,  605
1106,  633,  541,  539
1107,  825,  822,  765
1108,  719,  633,  718
1109,  744,  634,  714
1110,  634,  577,  545
1111,  661,  578,  580
1112,  679,  678,  593
1113,  739,  644,  738
1114,  636,  552,  550
1115,  737,  736,  658
1116,  637,  548,  571
1117,  729,  646,  725
1118,  651,  563,  549
1119,  727,  655,  643
1120,  639,  553,  548
1121,  640,  558,  555
1122,  642,  555,  554
1123,  641,  557,  561
1124,  652,  561,  574
1125,  650,  642,  554
1126,  706,  702,  621
1127,  643,  559,  556
1128,  645,  556,  564
1129,  716,  712,  630
1130,  644,  562,  557
1131,  659,  564,  565
1132,  651,  549,  648
1133,  646,  565,  558
1134,  779,  724,  775
1135,  647,  621,  568
1136,  654,  647,  551
1137,  648,  549,  569
1138,  657,  569,  567
1139,  649,  567,  553
1140,  734,  652,  655
1141,  650,  554,  572
1142,  702,  650,  616
1143,  800,  725,  779
1144,  651,  638,  563
1145,  652,  641,  561
1146,  655,  574,  559
1147,  864,  811,  797
1148,  653,  575,  562
1149,  654,  551,  566
1150,  731,  638,  722
1151,  803,  723,  802
1152,  727,  643,  723
1153,  656,  630,  560
1154,  656,  575,  653
1155,  827,  809,  808
1156,  657,  648,  569
1157,  660,  658,  570
1158,  828,  796,  821
1159,  659,  645,  564
1160,  659,  565,  646
1161,  660,  570,  552
1162,  741,  636,  717
1163,  746,  580,  665
1164,  692,  603,  683
1165,  694,  606,  688
1166,  662,  581,  577
1167,  663,  582,  464
1168,  748,  576,  632
1169,  664,  583,  488
1170,  745,  581,  662
1171,  665,  580,  487
1172,  665,  586,  624
1173,  747,  547,  668
1174,  747,  666,  547
1175,  774,  703,  667
1176,  667,  534,  501
1177,  668,  547,  546
1178,  698,  604,  691
1179,  669,  589,  500
1180,  777,  774,  669
1181,  699,  675,  670
1182,  750,  704,  699
1183,  671,  590,  532
1184,  829,  794,  751
1185,  672,  622,  535
1186,  705,  672,  619
1187,  673,  313,   97
1188,  673,   98,  376
1189,  674,  446,  530
1190,  676,  505,  531
1191,  675,   11,   10
1192,  675,   10,  390
1193,  676,  531,  617
1194,  676,  536,  674
1195,  697,  614,  677
1196,  677,  614,  592
1197,  679,  593,  595
1198,  682,  595,  601
1199,  686,  601,  599
1200,  830,  755,  823
1201,  684,  598,  680
1202,  680,  598,  596
1203,  690,  602,  609
1204,  761,  756,  681
1205,  682,  679,  595
1206,  781,  712,  780
1207,  710,  624,  623
1208,  683,  603,  594
1209,  685,  597,  684
1210,  761,  681,  690
1211,  757,  684,  680
1212,  685,  599,  597
1213,  686,  682,  601
1214,  686,  599,  685
1215,  688,  600,  687
1216,  687,  600,  605
1217,  949,  792,  860
1218,  688,  606,  600
1219,  695,  607,  612
1220,  832,  825,  766
1221,  690,  681,  602
1222,  694,  690,  609
1223,  693,  610,  611
1224,  787,  710,  708
1225,  692,  611,  603
1226,  763,  683,  754
1227,  693,  691,  610
1228,  693,  611,  692
1229,  694,  609,  606
1230,  764,  688,  687
1231,  696,  612,  613
1232,  770,  768,  695
1233,  697,  696,  613
1234,  707,  626,  663
1235,  697,  613,  614
1236,  752,  626,  707
1237,  773,  698,  772
1238,  698,  608,  604
1239,  699,  620,  591
1240,  699,   11,  675
1241,  829,  776,  818
1242,  700,  615,  608
1243,  701,  538,  573
1244,  701,  573,  629
1245,  702,  616,  618
1246,  706,  621,  647
1247,  777,  618,  703
1248,  703,  534,  667
1249,  704,  667,  588
1250,  704,  620,  699
1251,  705,  619,  617
1252,  794,  749,  622
1253,  742,  647,  654
1254,  775,  743,  706
1255,  748,  707,  663
1256,  833,  778,  815
1257,  710,  623,  708
1258,  708,  623,  666
1259,  767,  692,  763
1260,  785,  709,  784
1261,  902,  884,  899
1262,  769,  693,  767
1263,  711,  625,  664
1264,  814,  786,  745
1265,  715,  713,  628
1266,  712,  627,  630
1267,  713,  631,  628
1268,  715,  628,  635
1269,  847,  835,  781
1270,  714,  634,  627
1271,  720,  635,  661
1272,  755,  753,  679
1273,  740,  656,  653
1274,  795,  741,  789
1275,  717,  636,  631
1276,  928,  847,  926
1277,  768,  689,  695
1278,  718,  633,  625
1279,  768,  762,  689
1280,  719,  632,  633
1281,  813,  661,  746
1282,  754,  678,  753
1283,  721,  649,  639
1284,  735,  639,  637
1285,  722,  638,  651
1286,  728,  651,  648
1287,  723,  643,  645
1288,  732,  728,  648
1289,  779,  742,  731
1290,  724,  640,  642
1291,  839,  837,  805
1292,  725,  646,  640
1293,  736,  735,  637
1294,  726,  641,  652
1295,  989,  840,  946
1296,  806,  727,  803
1297,  728,  722,  651
1298,  732,  648,  657
1299,  805,  729,  800
1300,  729,  659,  646
1301,  730,  723,  645
1302,  730,  659,  729
1303,  731,  654,  638
1304,  839,  812,  804
1305,  733,  732,  657
1306,  840,  809,  827
1307,  733,  657,  649
1308,  808,  721,  798
1309,  734,  726,  652
1310,  734,  655,  727
1311,  735,  721,  639
1312,  736,  637,  658
1313,  737,  658,  660
1314,  799,  798,  735
1315,  741,  737,  660
1316,  790,  780,  716
1317,  738,  644,  641
1318,  940,  870,  932
1319,  797,  738,  796
1320,  739,  653,  644
1321,  740,  716,  656
1322,  740,  653,  739
1323,  741,  660,  636
1324,  789,  717,  782
1325,  742,  706,  647
1326,  742,  654,  731
1327,  743,  642,  650
1328,  743,  650,  702
1329,  922,  904,  886
1330,  744,  662,  634
1331,  745,  664,  581
1332,  814,  662,  744
1333,  746,  661,  580
1334,  746,  665,  709
1335,  856,  816,  850
1336,  844,  843,  769
1337,  748,  663,  576
1338,  815,  632,  719
1339,  749,  668,  546
1340,  794,  622,  672
1341,  750,  670,  589
1342,  750,  589,  669
1343,  751,  615,  700
1344,  776,  751,  700
1345,  752,  697,  677
1346,  752,  677,  626
1347,  755,  679,  682
1348,  758,  682,  686
1349,  845,  763,  824
1350,  754,  683,  678
1351,  791,  714,  781
1352,  877,  861,  875
1353,  757,  680,  756
1354,  756,  680,  681
1355,  929,  927,  852
1356,  759,  684,  757
1357,  758,  755,  682
1358,  760,  686,  685
1359,  759,  685,  684
1360,  882,  879,  848
1361,  760,  758,  686
1362,  760,  685,  759
1363,  765,  690,  694
1364,  900,  898,  882
1365,  764,  687,  762
1366,  762,  687,  689
1367,  853,  784,  834
1368,  763,  692,  683
1369,  788,  711,  786
1370,  766,  688,  764
1371,  765,  761,  690
1372,  766,  765,  694
1373,  766,  694,  688
1374,  885,  883,  822
1375,  787,  784,  710
1376,  767,  693,  692
1377,  770,  695,  696
1378,  924,  770,  819
1379,  816,  787,  708
1380,  769,  691,  693
1381,  771,  770,  696
1382,  778,  707,  748
1383,  771,  696,  697
1384,  778,  752,  707
1385,  817,  816,  747
1386,  772,  698,  691
1387,  874,  873,  850
1388,  773,  700,  698
1389,  774,  667,  704
1390,  777,  669,  533
1391,  775,  724,  743
1392,  775,  706,  742
1393,  829,  818,  749
1394,  776,  700,  773
1395,  777,  533,  618
1396,  777,  703,  774
1397,  815,  778,  748
1398,  872,  833,  815
1399,  812,  731,  722
1400,  779,  725,  724
1401,  783,  782,  713
1402,  780,  712,  716
1403,  892,  875,  876
1404,  781,  714,  712
1405,  782,  717,  713
1406,  783,  713,  715
1407,  792,  715,  720
1408,  852,  783,  831
1409,  899,  877,  893
1410,  784,  709,  710
1411,  854,  785,  853
1412,  785,  746,  709
1413,  786,  711,  745
1414,  855,  849,  786
1415,  816,  708,  747
1416,  891,  873,  843
1417,  922,  842,  904
1418,  788,  718,  711
1419,  858,  790,  826
1420,  789,  741,  717
1421,  811,  740,  739
1422,  810,  737,  795
1423,  859,  761,  822
1424,  791,  744,  714
1425,  860,  720,  813
1426,  875,  861,  830
1427,  862,  857,  762
1428,  793,  719,  718
1429,  794,  705,  671
1430,  794,  671,  751
1431,  795,  737,  741
1432,  836,  789,  782
1433,  796,  738,  726
1434,  801,  726,  734
1435,  979,  930,  977
1436,  797,  739,  738
1437,  798,  721,  735
1438,  799,  735,  736
1439,  810,  799,  736
1440,  987,  982,  986
1441,  804,  722,  728
1442,  800,  729,  725
1443,  801,  796,  726
1444,  806,  734,  727
1445,  802,  723,  730
1446,  807,  804,  728
1447,  869,  808,  798
1448,  803,  727,  723
1449,  812,  800,  779
1450,  807,  728,  732
1451,  805,  730,  729
1452,  839,  805,  800
1453,  948,  866,  946
1454,  806,  801,  734
1455,  809,  732,  733
1456,  989,  868,  840
1457,  808,  733,  721
1458,  939,  841,  937
1459,  809,  807,  732
1460,  809,  733,  808
1461,  810,  736,  737
1462,  870,  795,  863
1463,  811,  790,  740
1464,  811,  739,  797
1465,  812,  779,  731
1466,  812,  722,  804
1467,  813,  720,  661
1468,  813,  746,  785
1469,  814,  745,  662
1470,  871,  744,  791
1471,  815,  748,  632
1472,  872,  719,  793
1473,  817,  747,  668
1474,  873,  772,  843
1475,  818,  817,  668
1476,  874,  850,  817
1477,  818,  668,  749
1478,  874,  818,  776
1479,  833,  819,  778
1480,  819,  770,  771
1481,  851,  759,  820
1482,  820,  759,  757
1483,  821,  796,  801
1484,  988,  948,  947
1485,  822,  761,  765
1486,  849,  842,  788
1487,  846,  758,  760
1488,  846,  823,  758
1489,  824,  763,  754
1490,  861,  754,  753
1491,  832,  766,  764
1492,  887,  857,  886
1493,  863,  789,  836
1494,  826,  790,  811
1495,  866,  803,  838
1496,  838,  802,  837
1497,  828,  797,  796
1498,  935,  934,  828
1499,  829,  749,  794
1500,  829,  751,  776
1501,  830,  753,  755
1502,  878,  823,  846
1503,  876,  875,  830
1504,  831,  783,  792
1505,  857,  764,  762
1506,  842,  793,  788
1507,  924,  923,  862
1508,  924,  833,  923
1509,  834,  784,  787
1510,  856,  787,  816
1511,  835,  791,  781
1512,  847,  781,  780
1513,  930,  836,  927
1514,  852,  836,  782
1515,  837,  802,  805
1516,  868,  837,  839
1517,  946,  866,  838
1518,  838,  803,  802
1519,  839,  800,  812
1520,  868,  839,  804
1521,  840,  807,  809
1522,  946,  840,  827
1523,  841,  798,  799
1524,  865,  799,  810
1525,  849,  788,  786
1526,  855,  786,  814
1527,  843,  772,  769
1528,  844,  769,  767
1529,  845,  844,  767
1530,  889,  845,  884
1531,  845,  767,  763
1532,  884,  824,  877
1533,  851,  846,  760
1534,  898,  879,  882
1535,  858,  847,  780
1536,  931,  858,  826
1537,  848,  820,  757
1538,  859,  848,  756
1539,  912,  911,  896
1540,  915,  914,  900
1541,  850,  816,  817
1542,  874,  817,  818
1543,  851,  760,  759
1544,  880,  820,  879
1545,  852,  782,  783
1546,  964,  952,  953
1547,  913,  893,  908
1548,  893,  875,  892
1549,  945,  854,  936
1550,  854,  813,  785
1551,  871,  855,  814
1552, 1021, 1017, 1013
1553,  890,  844,  889
1554,  856,  834,  787
1555,  857,  832,  764
1556,  862,  762,  768
1557,  858,  780,  790
1558, 1006,  977, 1004
1559,  859,  756,  761
1560,  883,  882,  859
1561,  860,  792,  720
1562,  860,  813,  854
1563,  861,  824,  754
1564,  861,  753,  830
1565,  924,  768,  770
1566,  923,  872,  922
1567,  934,  933,  864
1568,  863,  795,  789
1569,  864,  826,  811
1570,  864,  797,  828
1571,  865,  841,  799
1572,  870,  865,  810
1573,  947,  946,  827
1574,  866,  806,  803
1575,  867,  821,  801
1576,  867,  806,  866
1577,  868,  804,  807
1578,  868,  807,  840
1579,  869,  827,  808
1580,  869,  798,  841
1581,  870,  810,  795
1582,  932,  863,  930
1583,  871,  814,  744
1584,  950,  791,  835
1585,  872,  815,  719
1586,  922,  793,  842
1587,  873,  773,  772
1588,  891,  843,  890
1589,  874,  776,  773
1590,  874,  773,  873
1591,  876,  830,  823
1592,  908,  892,  907
1593,  878,  876,  823
1594,  895,  878,  881
1595,  916,  899,  913
1596,  877,  824,  861
1597,  881,  846,  851
1598,  894,  892,  876
1599,  907,  892,  894
1600,  879,  820,  848
1601,  911,  910,  897
1602,  880,  851,  820
1603,  881,  878,  846
1604,  881,  851,  880
1605,  883,  859,  822
1606,  898,  896,  879
1607,  885,  822,  825
1608,  901,  900,  883
1609,  951,  906,  920
1610,  884,  845,  824
1611,  888,  825,  832
1612,  903,  901,  885
1613,  962,  961,  917
1614,  886,  857,  862
1615,  919,  918,  905
1616,  887,  832,  857
1617,  888,  885,  825
1618,  888,  832,  887
1619,  906,  889,  902
1620,  889,  844,  845
1621,  921,  890,  906
1622,  890,  843,  844
1623,  891,  856,  850
1624,  891,  850,  873
1625,  955,  908,  952
1626,  894,  876,  878
1627,  960,  913,  955
1628,  893,  877,  875
1629,  895,  894,  878
1630,  909,  907,  894
1631,  897,  881,  880
1632,  953,  952,  907
1633,  896,  880,  879
1634,  910,  909,  895
1635,  897,  895,  881
1636,  897,  880,  896
1637,  900,  882,  883
1638,  914,  912,  898
1639,  951,  921,  906
1640,  899,  884,  877
1641,  901,  883,  885
1642,  961,  959,  915
1643,  903,  885,  888
1644,  917,  915,  901
1645,  920,  902,  916
1646,  902,  889,  884
1647,  905,  888,  887
1648,  918,  917,  903
1649,  904,  887,  886
1650,  938,  849,  855
1651,  905,  903,  888
1652,  905,  887,  904
1653,  925,  856,  921
1654,  906,  890,  889
1655,  954,  909,  910
1656,  909,  894,  895
1657,  971,  955,  966
1658,  908,  893,  892
1659,  910,  895,  897
1660, 1012,  929,  992
1661,  911,  897,  896
1662,  956,  954,  910
1663,  912,  896,  898
1664,  957,  956,  911
1665,  914,  898,  900
1666,  997,  996,  967
1667,  941,  936,  853
1668,  913,  899,  893
1669,  915,  900,  901
1670,  959,  958,  914
1671,  917,  901,  903
1672, 1002,  973,  981
1673,  963,  916,  960
1674,  916,  902,  899
1675,  918,  903,  905
1676,  942,  918,  919
1677,  919,  905,  904
1678,  962,  942,  938
1679,  919,  904,  842
1680,  942,  842,  849
1681,  941,  834,  925
1682,  920,  906,  902
1683,  921,  856,  891
1684,  921,  891,  890
1685,  923,  922,  886
1686,  922,  872,  793
1687,  923,  886,  862
1688,  923,  833,  872
1689,  924,  862,  768
1690,  924,  819,  833
1691,  991,  951,  920
1692,  925,  834,  856
1693,  977,  927,  976
1694,  926,  847,  858
1695,  927,  836,  852
1696,  929,  852,  831
1697,  958,  957,  912
1698,  928,  835,  847
1699,  992,  831,  949
1700,  966,  952,  964
1701, 1018, 1006, 1004
1702,  930,  863,  836
1703,  931,  926,  858
1704,  933,  826,  864
1705, 1011,  987,  985
1706,  932,  870,  863
1707,  933,  931,  826
1708,  934,  864,  828
1709,  935,  828,  821
1710, 1019, 1010, 1006
1711,  944,  821,  867
1712, 1026,  987,  986
1713,  990,  963,  974
1714,  936,  854,  853
1715,  937,  841,  865
1716,  940,  937,  865
1717,  943,  855,  871
1718,  943,  938,  855
1719,  988,  986,  944
1720,  939,  869,  841
1721,  940,  865,  870
1722,  985,  932,  979
1723,  941,  853,  834
1724,  951,  941,  925
1725,  942,  919,  842
1726,  942,  849,  938
1727,  950,  943,  871
1728,  970,  969,  958
1729,  944,  935,  821
1730,  948,  946,  947
1731,  999,  966,  995
1732,  945,  860,  854
1733,  989,  946,  838
1734,  947,  827,  869
1735,  947,  869,  939
1736,  988,  947,  939
1737,  948,  944,  867
1738,  948,  867,  866
1739,  949,  831,  792
1740,  949,  860,  945
1741,  950,  871,  791
1742,  993,  835,  928
1743,  951,  925,  921
1744,  991,  920,  963
1745,  952,  908,  907
1746,  953,  907,  909
1747,  954,  953,  909
1748,  965,  964,  953
1749,  956,  910,  911
1750,  994,  964,  965
1751,  990,  983,  945
1752,  955,  913,  908
1753,  957,  911,  912
1754,  967,  965,  954
1755,  958,  912,  914
1756,  968,  967,  956
1757,  959,  914,  915
1758,  969,  968,  957
1759,  961,  915,  917
1760,  972,  970,  959
1761,  974,  960,  971
1762,  960,  916,  913
1763,  962,  917,  918
1764,  973,  972,  961
1765,  962,  918,  942
1766, 1003,  973,  962
1767,  991,  963,  990
1768,  963,  920,  916
1769,  995,  964,  994
1770,  965,  953,  954
1771,  967,  954,  956
1772, 1014,  995,  994
1773,  999,  974,  971
1774,  966,  955,  952
1775,  968,  956,  957
1776,  998,  997,  968
1777,  969,  957,  958
1778,  975,  928,  926
1779,  970,  958,  959
1780, 1000,  998,  969
1781,  972,  959,  961
1782, 1001, 1000,  970
1783, 1016,  999,  995
1784,  971,  960,  955
1785,  973,  961,  962
1786, 1003,  981,  973
1787, 1003,  962,  938
1788,  981,  943,  950
1789,  990,  974,  983
1790,  974,  963,  960
1791,  978,  926,  931
1792, 1004,  977,  976
1793,  976,  927,  929
1794, 1014,  994,  996
1795, 1022, 1019, 1018
1796,  977,  930,  927
1797,  978,  975,  926
1798,  980,  931,  933
1799, 1011,  985, 1010
1800,  979,  932,  930
1801,  980,  978,  931
1802,  984,  933,  934
1803,  993,  981,  950
1804, 1017, 1002, 1013
1805,  982,  934,  935
1806,  986,  982,  935
1807, 1023, 1020, 1014
1808,  983,  949,  945
1809,  984,  980,  933
1810,  984,  934,  982
1811,  985,  940,  932
1812, 1011, 1010, 1009
1813,  986,  935,  944
1814, 1026,  986,  988
1815,  987,  937,  940
1816,  987,  940,  985
1817, 1026,  988,  939
1818,  988,  944,  948
1819,  989,  838,  837
1820,  989,  837,  868
1821,  990,  945,  936
1822,  991,  990,  936
1823,  991,  936,  941
1824,  991,  941,  951
1825,  992,  929,  831
1826,  992,  949,  983
1827,  993,  950,  835
1828, 1013,  928,  975
1829,  996,  965,  967
1830,  996,  994,  965
1831, 1016, 1008,  999
1832,  995,  966,  964
1833,  997,  967,  968
1834, 1025,  997, 1015
1835,  998,  968,  969
1836, 1023, 1022, 1018
1837, 1000,  969,  970
1838, 1017, 1015, 1000
1839, 1008,  974,  999
1840,  999,  971,  966
1841, 1001,  970,  972
1842, 1017, 1001, 1002
1843, 1002, 1001,  972
1844, 1013, 1002,  993
1845, 1002,  972,  973
1846, 1002,  981,  993
1847, 1003,  938,  943
1848, 1003,  943,  981
1849, 1020, 1012, 1016
1850, 1025, 1023, 1014
1851, 1005,  975,  978
1852, 1007,  978,  980
1853, 1009, 1007,  980
1854, 1006,  979,  977
1855, 1007, 1005,  978
1856, 1009,  980,  984
1857, 1008,  992,  983
1858, 1008,  983,  974
1859, 1011, 1009,  984
1860, 1019, 1009, 1010
1861, 1010,  985,  979
1862, 1010,  979, 1006
1863, 1011,  984,  982
1864, 1011,  982,  987
1865, 1012,  976,  929
1866, 1012,  992, 1008
1867, 1013,  993,  928
1868, 1021,  975, 1005
1869, 1020, 1016, 1014
1870, 1025,  996,  997
1871, 1015,  997,  998
1872, 1015,  998, 1000
1873, 1016, 1012, 1008
1874, 1016,  995, 1014
1875, 1017, 1000, 1001
1876, 1021, 1013,  975
1877, 1023, 1018, 1004
1878, 1022, 1007, 1019
1879, 1019, 1006, 1018
1880, 1019, 1007, 1009
1881, 1020, 1004,  976
1882, 1020,  976, 1012
1883, 1024, 1005, 1022
1884, 1021, 1015, 1017
1885, 1024, 1021, 1005
1886, 1022, 1005, 1007
1887, 1023, 1004, 1020
1888, 1025, 1024, 1023
1889, 1024, 1015, 1021
1890, 1024, 1022, 1023
1891, 1025, 1014,  996
1892, 1025, 1015, 1024
1893, 1026,  939,  937
1894, 1026,  937,  987